16142179	15996661
16142179	49800332
16142179	39246283
16004319	15996661
16004319	22873947
1542307050	11344222
1542307050	21879831
1542307050	29943224
32272710	350533834
32272710	21879831
32272710	259094582
39246283	198430298
39246283	15996661
39246283	16142179
198430298	140665935
198430298	39246283
198430298	463977154
198430298	15996661
2724241554	21879831
25783136	15996661
360738490	21879831
21879831	49800332
21879831	259094582
21879831	15996661
21879831	1542307050
21879831	32272710
21879831	22873947
883421593	21879831
883421593	259094582
883421593	350533834
883421593	19212015
883421593	312248392
140040894	120941602
1099979496	22873947
1099979496	312248392
1099979496	140665935
1099979496	883421593
1551485754	15996661
1395668034	15996661
29943224	1542307050
29943224	10695762
30030404	85729788
30030404	32272710
30030404	2597248730
30030404	815871284
30030404	883421593
30030404	293711508
30030404	19212015
30030404	140665935
30030404	768514130
30030404	259094582
30030404	49800332
30030404	312248392
30030404	22873947
30030404	21879831
2418202284	21879831
2418202284	15996661
137447314	32272710
137447314	15996661
137447314	49800332
137447314	350533834
137447314	21879831
197823320	1210595012
197823320	18258520
79810128	15996661
24134004	15996661
24134004	49800332
24134004	312248392
24134004	259094582
24134004	350533834
24134004	32272710
24134004	212144618
10695762	29943224
242967923	15996661
18258520	1210595012
18258520	197823320
16687416	21879831
16687416	15996661
49800332	212144618
49800332	629738837
49800332	85641619
49800332	16142179
49800332	15521774
49800332	100979463
49800332	236051765
49800332	21879831
49800332	122042781
49800332	19212015
49800332	137447314
49800332	312248392
49800332	768514130
49800332	293711508
49800332	15996661
49800332	350533834
49800332	22873947
49800332	24134004
49800332	140665935
49800332	259094582
49800332	17573490
49800332	20120850
49800332	164753964
115154803	21879831
85729788	15996661
85729788	30030404
85729788	212144618
85729788	312248392
85729788	21879831
85729788	32272710
17573490	236051765
17573490	49800332
19212015	21879831
19212015	49800332
19212015	883421593
19212015	259094582
19212015	32272710
16868321	15996661
16868321	22873947
16868321	21879831
16868321	32272710
16868321	259094582
16868321	312248392
16868321	350533834
312248392	15996661
312248392	7770742
312248392	49800332
312248392	16868321
312248392	24134004
312248392	883421593
312248392	293711508
312248392	768514130
312248392	30030404
312248392	22873947
312248392	259094582
312248392	32272710
312248392	44238890
312248392	350533834
34297193	21879831
2530016581	21879831
22873947	122042781
22873947	425459816
22873947	815871284
22873947	768514130
22873947	85641619
22873947	293711508
22873947	883421593
22873947	49800332
22873947	19212015
22873947	15996661
22873947	16868321
22873947	350533834
22873947	312248392
22873947	20120850
22873947	164753964
22873947	259094582
22873947	30030404
22873947	21879831
22873947	15521774
33827083	15996661
361031326	21879831
23651451	350533834
23651451	212144618
815871284	140665935
815871284	22873947
815871284	30030404
19940700	15996661
164753964	21879831
164753964	49800332
164753964	22873947
33947719	15996661
212144618	43053129
212144618	49800332
212144618	197823320
212144618	21879831
212144618	85729788
212144618	198430298
212144618	15996661
212144618	23651451
212144618	312248392
212144618	44238890
212144618	67188131
212144618	24134004
212144618	2416677630
11344222	14787758
11344222	1542307050
11344222	581547239
11344222	29943224
2563010217	198430298
2563010217	21879831
1717016598	10695762
350533834	137447314
350533834	38038704
350533834	32272710
350533834	23651451
350533834	22873947
350533834	883421593
350533834	768514130
350533834	49800332
350533834	21879831
350533834	259094582
350533834	312248392
350533834	16868321
463977154	39246283
463977154	198430298
463977154	2340935046
463977154	15996661
85641619	312248392
85641619	49800332
85641619	15996661
85641619	21879831
85641619	22873947
236051765	49800332
236051765	15996661
67188131	212144618
67188131	21879831
67188131	15996661
67188131	259094582
15521774	15996661
15521774	49800332
15521774	21879831
15521774	32272710
15521774	312248392
15521774	22873947
15819729	15996661
768514130	7770742
768514130	30030404
768514130	100979463
768514130	49800332
768514130	350533834
768514130	312248392
768514130	259094582
1109869152	15996661
1109869152	21879831
7770742	30030404
7770742	2597248730
7770742	768514130
7770742	312248392
7770742	15996661
7770742	19212015
122042781	15996661
122042781	49800332
122042781	21879831
122042781	22873947
259094582	15996661
259094582	100979463
259094582	293711508
259094582	883421593
259094582	21879831
259094582	43053129
259094582	768514130
259094582	312248392
259094582	67188131
259094582	24134004
259094582	140665935
259094582	30030404
259094582	19212015
259094582	49800332
259094582	16868321
259094582	350533834
259094582	32272710
259094582	22873947
38038704	2340935046
38038704	350533834
38038704	15996661
15540348	22873947
15540348	15996661
140665935	198430298
140665935	883421593
140665935	815871284
140665935	30030404
140665935	350533834
140665935	1099979496
140665935	49800332
140665935	259094582
43053129	30030404
43053129	883421593
43053129	259094582
43053129	15996661
2597248730	7770742
2597248730	30030404
2597248730	293711508
201892272	15996661
201892272	21879831
201892272	256657493
126232817	15996661
126232817	21879831
256657493	201892272
293711508	259094582
293711508	15996661
293711508	2597248730
293711508	32272710
293711508	22873947
293711508	49800332
293711508	312248392
416009248	15996661
740149146	21879831
100979463	15996661
100979463	259094582
100979463	49800332
100979463	768514130
191926048	15728606
191926048	1210595012
49799891	15996661
49799891	21879831
425459816	22873947
425459816	15996661
208281325	15996661
208281325	21879831
336218950	19977903
1210595012	197823320
1210595012	191926048
1210595012	18258520
19977903	21879831
19977903	15996661
19977903	336218950
581547239	14787758
581547239	11344222
719532734	21879831
248374090	15996661
248374090	21879831
5435862	15996661
5435862	21879831
120941602	140040894
15728606	21879831
15728606	191926048
194870016	15996661
72908837	29943224
247917039	197823320
44238890	312248392
14787758	29943224
14787758	581547239
14787758	11344222
169680489	21879831
289175167	15996661
757520	57
20120850	49800332
20120850	22873947
533229915	15996661
533229915	21879831
2570974244	21879831
349172893	15996661
349172893	29943224
42169080	15996661
42169080	21879831
57	15996661
57	21879831
18319681	21879831
17657268	15996661
69192446	15996661
1660569511	21879831
