885297108	5402612
40413955	5402612
2402692262	5402612
330196261	2202375985
330196261	142236260
330196261	5402612
23153001	5402612
263196028	1907000203
263196028	5402612
222486998	5402612
55312461	5402612
1526988943	5402612
99493250	80600519
99493250	5402612
142236260	5402612
2369949012	5402612
159547698	5402612
386521366	5402612
2597807755	5402612
1416345871	7589572
1416345871	5402612
544973485	5402612
2783210830	5402612
2239864518	5402612
163998607	5402612
434424645	5402612
19104804	7589572
19104804	80430679
19104804	5402612
991039718	5402612
131582797	5402612
415836706	5402612
169626752	5402612
2874440632	5402612
21886391	5402612
68760726	1491573812
68760726	285733931
68760726	1665733285
68760726	5402612
400321216	5402612
2676050774	5402612
1889124234	5402612
7589572	14984177
7589572	505848389
7589572	5402612
727285854	1491573812
1196838541	5402612
85581003	2202375985
2385431253	5402612
47940350	174365756
47940350	7589572
48327725	5402612
20457003	5402612
20457003	7589572
23595391	5402612
461880145	5402612
340881792	28091881
340881792	5402612
1691911	8475532
1691911	5402612
2249186018	5402612
63224490	837834523
63224490	5402612
2460352694	19503822
2460352694	5402612
556663797	1132406130
556663797	5402612
1909550544	5402612
213132098	5402612
78970329	5402612
2856162560	5402612
51467779	5402612
619548877	5402612
87119587	5402612
156044803	5402612
2969580449	5402612
281412221	5402612
43521065	5402612
43521065	48123659
2756178532	5402612
2283194563	5402612
142197747	5402612
30157391	5402612
39671383	5402612
2218326164	5402612
512008900	5402612
2302769958	5402612
24452216	5402612
8475532	5402612
153132339	5402612
146596633	61244597
146596633	5402612
58167203	5402612
518651331	5402612
2584199773	5402612
13361042	2149014523
13361042	5402612
13361042	24416605
49948272	5402612
38272900	5402612
270955821	5402612
1318763773	5402612
11235192	5402612
190994678	5402612
65607720	80430679
65607720	234267718
65607720	7589572
65607720	21268969
65607720	5402612
109553437	885297108
263984652	5402612
1145995544	5402612
60642483	5402612
74645182	5402612
174365756	21176248
174365756	5402612
1707748872	5402612
999907196	5402612
91125024	5402612
108875022	5402612
2963069700	5402612
1491573812	68760726
1491573812	727285854
1491573812	1665733285
348007190	7589572
348007190	5402612
117789874	5402612
121932886	1907000203
22130202	5402612
339531603	5402612
482960835	5402612
16634289	5402612
1193802997	5402612
282734379	5402612
28565698	5402612
555040488	551229082
555040488	5402612
518642806	5402612
1608494760	16634289
1608494760	5402612
2620052996	5402612
36463377	5402612
2945070126	5402612
52655570	5402612
21176248	5402612
28970513	5402612
63231497	5402612
281408254	5402612
46729017	61244597
46729017	5402612
1267949414	5402612
2664341122	5402612
2800997085	5402612
302107444	5402612
150772913	244365096
150772913	384283224
815089381	5402612
94549942	5402612
432064754	1907000203
432064754	5402612
432064754	21268969
2940150273	5402612
283314909	5402612
614075665	5402612
1665733285	68760726
1665733285	1491573812
1665733285	5402612
977867838	1641649837
977867838	1907000203
2655955168	5402612
307555665	5402612
65984345	5402612
608137557	5402612
366113224	5402612
1907000203	121932886
1907000203	1228576046
837834523	63224490
837834523	5402612
13357572	5402612
159195801	5402612
1397136696	5402612
1290200670	5402612
2472200337	5402612
2195277729	5402612
444828382	1907000203
444828382	5402612
431646387	5402612
2354084481	5402612
376857119	5402612
438562287	5402612
355420866	5402612
454236505	5402612
237357499	5402612
334837320	33477606
17439145	5402612
269659301	5402612
87250271	284200671
2859813468	21685295
365184144	5402612
23136136	5402612
819866875	5402612
361256153	5402612
2570205935	5402612
2283421568	7589572
38850179	5402612
131042554	5402612
315161628	5402612
1367627479	40043449
1736893536	5402612
138912619	5402612
1252617872	7589572
262380744	5402612
180317088	5402612
20538084	5402612
2411525034	5402612
1846801380	5402612
21681351	5402612
141669330	5402612
192506400	384283224
192506400	19503822
22028250	5402612
268691961	5402612
521728565	5402612
2202375985	19503822
2202375985	85581003
1044734269	5402612
135433776	5402612
53342916	5402612
2441158755	5402612
2813067326	5402612
234267718	5402612
257751136	5402612
339268818	19503822
339268818	238919310
215770392	5402612
156698744	5402612
564899819	5402612
13061662	5402612
22894307	5402612
19770797	5402612
2779031955	5402612
728114959	5402612
373057436	5402612
2792794175	5402612
1848051704	5402612
201316100	5402612
1346516666	5402612
826897596	5402612
789501139	5402612
18150701	13361042
18150701	235609237
18150701	126932925
18150701	126944492
18150701	126643604
18150701	40729941
18150701	5402612
18150701	19091498
191575573	5402612
83368462	5402612
619047439	5402612
94853291	7589572
94853291	5402612
234206636	5402612
198574639	5402612
2433423134	1907000203
2433423134	5402612
705019924	5402612
314660428	5402612
2920291331	2202375985
2920291331	5402612
158722780	5402612
1228576046	7589572
1228576046	5402612
157220792	40043449
1467855582	19503822
106556648	7589572
217016649	5402612
2223520290	7589572
2223520290	5402612
24734943	97449224
551737362	5402612
263260261	5402612
2356457656	5402612
470991581	5402612
34394460	5402612
284200671	87250271
284200671	5402612
1340801707	5402612
61011257	5402612
2262411429	5402612
846054648	5402612
2350295899	5402612
301887900	5402612
48514248	5402612
632258478	5402612
17622972	5402612
2884138523	5402612
245848780	5402612
21268969	5402612
48123659	43521065
279036634	5402612
363997630	5402612
628768794	5402612
183680763	5402612
384283224	244365096
384283224	19503822
384283224	150772913
384283224	192506400
1406880896	5402612
169113417	5402612
2914040566	5402612
55231557	5402612
2960968289	5402612
119744519	5402612
2289209603	5402612
603832975	7589572
122217064	5402612
325879624	5402612
52849750	5402612
2917978613	7589572
2917978613	5402612
2308999809	5402612
46836821	5402612
176115092	5402612
61683971	5402612
2366401405	5402612
215977337	7589572
215977337	5402612
2399736461	5402612
1904141282	5402612
158747597	5402612
904033152	5402612
59298622	5402612
436573744	5402612
244365096	384283224
244365096	150772913
551229082	5402612
551229082	555040488
439161054	5402612
814759154	5402612
438020230	5402612
109320658	5402612
991081292	5402612
2733621377	5402612
15439175	5402612
2485046408	5402612
276786869	5402612
2327870083	5402612
847858543	5402612
224194361	5402612
189828213	5402612
2841075434	5402612
458768777	5402612
1638449306	5402612
1651083715	5402612
187964046	5402612
313430985	5402612
23337989	7589572
34236754	5402612
69611563	5402612
2149014523	24416605
2149014523	13361042
2834011448	5402612
80600519	5402612
166739162	5402612
136303294	5402612
352943499	5402612
24416605	5402612
24416605	13361042
84928687	5402612
351965804	5402612
87641147	5402612
2905273706	5402612
62679957	5402612
2481665275	5402612
285733931	68760726
394193988	5402612
188013734	5402612
126932925	19091498
126932925	126944492
126932925	18150701
126932925	126643604
2941947299	5402612
505848389	5402612
505848389	7589572
882703926	5402612
238919310	339268818
263785848	19503822
13566172	5402612
540159352	1080844975
401126379	5402612
1385850367	5402612
2156561740	1907000203
2156561740	2202375985
2156561740	5402612
2787938268	5402612
134640633	5402612
218453085	5402612
19091498	126932925
19091498	126643604
19091498	126944492
19091498	18150701
38502411	5402612
544108976	5402612
2201290423	5402612
53562174	5402612
88021376	5402612
220038215	5402612
39422873	5402612
14984177	5402612
226530650	5402612
352940487	174365756
1886343998	5402612
16980688	19104804
1608495026	5402612
48350126	5402612
2721551922	5402612
397793960	5402612
2372036283	5402612
216644176	5402612
827950080	5402612
185300816	5402612
626251424	5402612
401842670	5402612
147700524	5402612
2944912467	5402612
1343095422	5402612
86805649	5402612
1630865491	5402612
2537188905	5402612
45005780	5402612
112654262	5402612
28387681	5402612
1132406130	556663797
1132406130	496236035
230778869	5402612
285874320	5402612
944898140	5402612
95127833	7589572
405313796	5402612
405313796	174365756
2863971501	5402612
2368444928	5402612
140454958	5402612
20294990	5402612
116780216	5402612
339014264	5402612
118403531	5402612
429297207	2202375985
429297207	5402612
2472591199	7589572
21685295	5402612
452240889	5402612
306000823	5402612
126944492	19091498
126944492	40729941
126944492	126932925
126944492	18150701
126944492	126643604
96787225	5402612
28437669	5402612
314750600	5402612
17237389	5402612
141200573	5402612
1961743297	5402612
1180290776	5402612
80430679	5402612
80430679	19104804
212657333	5402612
2214265807	5402612
28091881	340881792
28091881	5402612
984379004	5402612
126643604	126932925
126643604	40729941
126643604	126944492
126643604	18150701
208106589	5402612
172079107	5402612
2241478037	5402612
294159241	5402612
348031443	17237389
84985986	5402612
234549856	7589572
235609237	18150701
1707227370	5402612
22212118	5402612
284956311	7589572
302808189	5402612
19583446	5402612
1706226379	5402612
33477606	334837320
33477606	5402612
2253419491	5402612
169686387	5402612
237818243	5402612
854671417	5402612
49444450	5402612
112728431	5402612
535765349	5402612
8411032	8475532
18719963	619548877
22479584	5402612
1160660322	5402612
549688383	5402612
223903369	5402612
214957502	5402612
1338134887	5402612
2304438006	5402612
1644555332	5402612
498190828	5402612
261453316	1907000203
261453316	5402612
16079937	5402612
803446903	5402612
1597537597	5402612
14611334	5402612
1944688693	7589572
1944688693	5402612
1414953428	5402612
162358227	5402612
105905475	5402612
228760949	5402612
1458838502	5402612
260669899	5402612
2827822289	5402612
135110897	5402612
2807212358	5402612
2257850611	5402612
2204798617	5402612
230276623	5402612
1057971672	5402612
19503822	984379004
19503822	987538548
19503822	2460352694
19503822	339268818
19503822	263785848
19503822	2202375985
19503822	1467855582
19503822	384283224
19503822	192506400
229567089	5402612
1943991996	5402612
222217244	2202375985
222217244	7589572
222217244	5402612
2952810568	5402612
236827663	7589572
236827663	5402612
93163642	5402612
48649315	5402612
61715767	5402612
74416825	5402612
1071335408	5402612
373436060	5402612
155092587	5402612
49061410	5402612
129097482	5402612
143053772	5402612
333343647	5402612
987538548	19503822
369086539	5402612
65119151	7589572
65119151	5402612
227411792	5402612
179511988	5402612
345287640	5402612
1080844975	540159352
1080844975	5402612
944674344	5402612
2334728822	5402612
40729941	126944492
40729941	126643604
40729941	18150701
97507562	5402612
711881270	5402612
2964971855	5402612
2964971855	1907000203
27668630	5402612
61244597	5402612
948421868	5402612
2950501197	5402612
71858261	5402612
369561264	5402612
158881725	5402612
2377685419	5402612
209710589	5402612
2459701038	5402612
1688238750	5402612
1472820732	5402612
2838119821	5402612
444087668	5402612
481444420	5402612
109796502	301887900
496236035	1132406130
496236035	5402612
25041303	5402612
110496149	5402612
2737027024	5402612
2950485048	5402612
2536096802	5402612
