1003208960	27917781
24162073	27917781
28229857	27917781
633906111	1604299171
633906111	27917781
633906111	111765039
1604299171	38740028
1604299171	105001970
1604299171	614010156
1604299171	27917781
1604299171	633906111
203756330	27917781
27715962	27917781
27917781	365619710
27917781	2408949435
27917781	1604299171
27917781	1708072044
27917781	28229857
27917781	24520989
27917781	1177096004
27917781	256670092
27917781	868429316
27917781	562061963
27917781	480872573
27917781	1003208960
27917781	537044709
27917781	389057960
27917781	944863236
27917781	997547540
27917781	860808961
27917781	428501394
27917781	24095504
27917781	750170234
27917781	944921654
27917781	211187850
27917781	633906111
27917781	807442094
27917781	853270471
27917781	586673364
27917781	317824654
27917781	814044456
27917781	354560400
27917781	737564412
27917781	717238123
27917781	448143201
27917781	614010156
27917781	603804249
27917781	527368845
27917781	64461225
27917781	525495461
27917781	571745465
27917781	513628987
27917781	564197503
27917781	163657111
27917781	562348010
27917781	287429649
27917781	554766230
27917781	188477426
27917781	111765039
27917781	51137199
27917781	336182252
27917781	290193649
27917781	203756330
27917781	329774486
27917781	515092896
27917781	467902922
27917781	501336764
27917781	24162073
27917781	479927933
27917781	263754961
27917781	473315166
27917781	462361480
27917781	395619522
27917781	297666365
27917781	432836605
27917781	85647089
27917781	385011493
27917781	358534937
27917781	425390312
27917781	91831747
27917781	259870313
27917781	214722991
27917781	40541339
27917781	394399833
27917781	289576346
27917781	258809034
27917781	179223695
27917781	258469243
27917781	335330653
27917781	41946544
27917781	87326861
27917781	357305951
27917781	277780225
27917781	275536225
27917781	345618880
27917781	56689986
27917781	377677058
33648565	783641934
33648565	27917781
41946544	27917781
72354370	317824654
72354370	432836605
1406336534	27917781
141776971	27917781
479070133	1947426392
479070133	891289242
479070133	751995384
479070133	501336764
479070133	365619710
853270471	2499484748
853270471	750170234
18711812	111765039
18711812	57229408
462361480	395619522
462361480	2488960698
462361480	27917781
959678209	868429316
2266276423	275536225
944921654	336182252
944921654	27917781
222934458	515092896
222934458	56689986
513628987	27917781
1708072044	365619710
1708072044	2172413028
1708072044	2165940586
1708072044	91831747
1708072044	27917781
426367670	27917781
954638934	27917781
954638934	25816814
954638934	275536225
56689986	289576346
56689986	515092896
56689986	27917781
56689986	222934458
467902922	27917781
114499286	27917781
188477426	27917781
254679831	27917781
336182252	944921654
336182252	2317625426
336182252	172076398
336182252	751995384
21006638	1613369382
21006638	473315166
440456373	1604299171
440456373	27917781
358534937	27917781
357305951	27917781
297666365	27917781
64748719	27917781
1351961839	1494224671
287429649	27917781
275536225	2266276423
275536225	954638934
275536225	27917781
473315166	21006638
473315166	27917781
259870313	565093786
259870313	27917781
25077674	22205319
25077674	211187850
36175767	355207463
525495461	277780225
525495461	501336764
525495461	289576346
525495461	432836605
525495461	297666365
2316405798	2198620747
737564412	2317625426
737564412	751995384
2697128802	27917781
425390312	2316405798
425390312	2198620747
425390312	564145526
142433199	868429316
860808961	853270471
860808961	527368845
860808961	27917781
114820884	27917781
151650846	27917781
263754961	27917781
2218319503	27917781
59539344	374667878
394399833	2153123372
394399833	27917781
214722991	27917781
428501394	27917781
87326861	27917781
2251122935	1194879655
2251122935	2781469766
2251122935	1494224671
814044456	27917781
51137199	434598454
51137199	27917781
2198620747	425390312
2198620747	2316405798
365619710	27917781
365619710	91831747
365619710	479070133
365619710	891289242
365619710	751995384
965211181	448143201
965211181	27917781
965211181	1408834590
487326120	27917781
414478622	317824654
86131949	1963101450
86131949	334442394
86131949	432836605
86131949	27917781
21359391	27917781
2408949435	27917781
85647089	1604299171
85647089	27917781
1194879655	2251122935
1194879655	2781469766
1194879655	27917781
1194879655	537044709
45660074	27917781
432836605	86131949
432836605	56475228
432836605	72354370
546742765	389057960
258809034	751995384
527368845	1494224671
527368845	860808961
527368845	27917781
515092896	603804249
515092896	56689986
515092896	222934458
515092896	27917781
24095504	27917781
290193649	35878865
290193649	27917781
2165940586	91831747
2165940586	1708072044
944863236	1582270765
944863236	35878865
377677058	27917781
395619522	554766230
395619522	564197503
556895144	27917781
1032884150	1678795946
1032884150	243904257
2743522792	27917781
750170234	2499484748
750170234	853270471
750170234	27917781
554766230	395619522
1177096004	395619522
1177096004	562348010
1177096004	27917781
1177096004	564197503
891289242	479070133
891289242	365619710
891289242	622116969
891289242	537044709
289576346	345618880
289576346	56689986
355207463	36175767
348550493	411991311
348550493	111765039
1582270765	944863236
1582270765	35878865
807442094	27917781
2499484748	750170234
2499484748	853270471
2499484748	140645012
317824654	414478622
317824654	72354370
317824654	27917781
93412850	27917781
335330653	2861777635
335330653	614010156
335330653	27917781
163657111	2317625426
163657111	27917781
183341697	27917781
38957889	27917781
1613369382	27917781
1613369382	21006638
2543564699	27917781
2543564699	256670092
2543564699	2218038151
571745465	27917781
243904257	1678795946
243904257	1032884150
243904257	22205319
140645012	2499484748
40541339	355207463
40541339	27917781
448143201	965211181
448143201	27917781
302908362	479927933
302908362	305015685
302908362	537044709
302908362	345618880
1963101450	86131949
35878865	1582270765
35878865	290193649
2845815126	329774486
411991311	348550493
564197503	395619522
564197503	1177096004
586673364	27917781
586673364	562061963
258469243	27917781
389057960	546742765
389057960	27917781
111765039	1604299171
111765039	633906111
706301468	329774486
565093786	1351961839
22205319	25077674
22205319	243904257
562061963	27917781
614010156	335330653
614010156	27917781
717238123	27917781
261564234	27917781
1330373204	27917781
2508182451	27917781
1413793291	27917781
105001970	1604299171
105001970	27917781
997547540	27917781
817649088	414478622
64461225	733648182
64461225	27917781
38740028	27917781
2218038151	27917781
2218038151	2543564699
733648182	64461225
2373814765	27917781
305015685	853270471
305015685	302908362
305015685	537044709
305015685	479927933
305015685	87326861
305015685	345618880
625158454	27917781
256670092	27917781
63977916	27917781
818325086	818043390
603804249	515092896
603804249	27917781
385011493	27917781
562348010	1177096004
1593460848	27917781
400274279	818043390
2153123372	394399833
38105579	27917781
537044709	1194879655
537044709	1210197032
537044709	891289242
25816814	954638934
354560400	27917781
354560400	462361480
179223695	1494224671
179223695	27917781
1408834590	965211181
2172413028	479070133
2172413028	91831747
2172413028	1708072044
2172413028	365619710
479927933	302908362
479927933	891289242
479927933	345618880
479927933	537044709
479927933	305015685
434598454	51137199
783641934	33648565
329774486	2845815126
329774486	706301468
329774486	27917781
334442394	86131949
474044384	367938018
91831747	27917781
91831747	365619710
91831747	2165940586
91831747	2172413028
91831747	1708072044
2841400239	2861777635
1494224671	179223695
1494224671	2251122935
1494224671	527368845
1494224671	1351961839
2861777635	2841400239
2861777635	27917781
2861777635	335330653
24520989	27917781
622116969	891289242
36972889	27917781
480872573	27917781
501336764	27917781
56475228	432836605
818043390	400274279
818043390	818325086
374667878	59539344
172076398	336182252
172076398	394399833
211187850	27917781
211187850	25077674
1678795946	27917781
1678795946	1032884150
1678795946	243904257
751995384	258809034
751995384	336182252
751995384	737564412
751995384	365619710
345618880	289576346
2317625426	336182252
2317625426	737564412
868429316	142433199
2200468546	27917781
